1.382582216428114852e-01 0.000000000000000000e+00
1.416660513298776403e-01 0.000000000000000000e+00
1.553473760566604356e-01 0.000000000000000000e+00
1.609028996028790681e-01 0.000000000000000000e+00
1.748426151706071741e-01 0.000000000000000000e+00
1.781736438643721498e-01 0.000000000000000000e+00
2.078383491225634927e-01 0.000000000000000000e+00
2.220303518585726721e-01 0.000000000000000000e+00
2.247174057474478071e-01 0.000000000000000000e+00
1.327493686062201916e-01 2.971153464848699048e-311
1.312770158275524124e-01 2.241177041760988471e-304
1.287738886630431789e-01 7.261361315742054019e-293
1.278202958071410489e-01 1.534295364875482275e-288
-1.225876936406127549e-01 2.128669016457183317e-265
1.212516586971138788e-01 1.195231810068182008e-259
1.180927005696024573e-01 2.593398297022489795e-246
1.177834621245702623e-01 5.011634746496395566e-245
-1.170686188389621074e-01 4.568123728855544702e-242
1.121784051574402502e-01 2.582667203933308464e-222
1.112309316612835192e-01 1.378088453252030155e-218
1.106246817480910916e-01 3.215134214592660872e-216
1.100854229466148027e-01 4.002595095662362517e-214
-1.059851625490489946e-01 1.551224633212185430e-198
1.050531947951713202e-01 4.462571061463969628e-195
1.038826115475869755e-01 8.911449445177473256e-191
1.037143791248437696e-01 3.663908653989209224e-190
1.027843878283295070e-01 8.706099266122124981e-187
1.026182508491977202e-01 3.464498796721277266e-186
-1.009971036887311879e-01 2.191361392727285286e-180
1.005970249990007642e-01 5.726306758960770369e-179
-1.000281066986385831e-01 5.797484218341516891e-177
-9.944238244282220529e-02 6.542611398000735603e-175
9.918064005103693903e-02 5.357859327528228273e-174
-9.852926752363092011e-02 9.796119584359641675e-172
9.785952094355152009e-02 2.000413920224447073e-169
9.554401903324569179e-02 1.459756075962508626e-161
-9.500728171308336911e-02 9.113124716776032325e-160
-9.485339311879295576e-02 2.968453677113204863e-159
9.380660037974837551e-02 8.684968227838688222e-156
-9.164306135073603532e-02 9.532125493107165597e-149
9.150916646754142514e-02 2.566998547766618153e-148
-9.025331490397549283e-02 2.592590456890069639e-144
-8.989970835887968470e-02 3.397016564519401892e-143
8.958778153229646213e-02 3.258877233825562817e-142
-8.938262648410752464e-02 1.435579923063435101e-141
-8.872583209508898283e-02 1.616502593875155880e-139
-8.866812183039125828e-02 2.444030228722140147e-139
-8.845917512224445167e-02 1.089248351911485953e-138
-8.819812372448279647e-02 7.011544715088228371e-138
8.710411271006000822e-02 1.616339308980324531e-134
8.698112982068442744e-02 3.836147814544755100e-134
8.681630961860113682e-02 1.219299709061630725e-133
-8.671474445588106539e-02 2.483730403012209020e-133
-8.561537975813544865e-02 5.203672230320855759e-130
8.390074607926713279e-02 6.467341306592749098e-125
-8.318142830411573430e-02 8.258547352436544562e-123
-8.307388664038310722e-02 1.699078403180209788e-122
8.217106197936288603e-02 6.987758834367522415e-120
8.142154304131743459e-02 9.832199655692745111e-118
8.122542424449628873e-02 3.560381378532402943e-117
-8.116848111613166050e-02 5.170144003554848989e-117
8.091603246210332667e-02 2.693709016809135690e-116
8.090971179424216730e-02 2.807176987586581191e-116
8.076157977589398795e-02 7.375984517667552665e-116
-8.055053508812110019e-02 2.912162982073689784e-115
8.043972575343603937e-02 5.980308333044424616e-115
8.020253195299445470e-02 2.781029325187840183e-114
8.013963715634719875e-02 4.176984132432335897e-114
7.981844190417999862e-02 3.317775948350487422e-113
-7.972920534525580749e-02 5.891680975309623661e-113
-7.954487107845387150e-02 1.925363415154401399e-112
7.946645488139467139e-02 3.183623365274619758e-112
-7.932556510659959093e-02 7.848549970086663189e-112
-7.917417847488371352e-02 2.065718420937710945e-111
-7.868766010338816563e-02 4.573698306789074196e-110
-7.777371999634620503e-02 1.461019122663666634e-107
-7.734578265797065200e-02 2.124005711716377670e-106
-7.722340795231419364e-02 4.554074597252208409e-106
-7.721333524332189835e-02 4.848880179661611029e-106
-7.613937378003773904e-02 3.711859343574894428e-103
-7.607516498602753807e-02 5.504584404749159854e-103
-7.587412475908376919e-02 1.886288415635098238e-102
-7.565014415178561435e-02 7.410498039876465217e-102
-7.564399949009245616e-02 7.693514222590604738e-102
-7.554225253237871474e-02 1.430412966907326757e-101
7.494499256599251868e-02 5.359452653668186519e-100
-7.484947189131127554e-02 9.541823719610162484e-100
-7.479712238184232920e-02 1.308536661182755820e-99
-7.468447595904398328e-02 2.579819368683404561e-99
7.458751951956302251e-02 4.623519917518637748e-99
-7.363854335755903868e-02 1.341252096419102552e-96
7.352644956349724259e-02 2.607904041118376014e-96
-7.338337854196579080e-02 6.084636822818940351e-96
7.294901323496130741e-02 7.886716359460909946e-95
-7.250261563859064506e-02 1.080078648440603302e-93
-7.249621236412927272e-02 1.121263040365124792e-93
7.155788160026209377e-02 2.604207292376170042e-91
7.078843830691210204e-02 2.151165474946279811e-89
-7.056285424656397187e-02 7.775833983237811850e-89
7.026079069423815660e-02 4.317372221935823632e-88
7.008358261391912924e-02 1.176187892238991509e-87
-6.999256156403649287e-02 1.966131656138077235e-87
-6.940051183399917334e-02 5.468863484490229041e-86
6.934045977286250328e-02 7.650740646938516041e-86
-6.929665022457803802e-02 9.772216254931719716e-86
-6.901251646588048294e-02 4.761163219501889476e-85
6.832995086680612729e-02 2.080675098794215503e-83
-6.828751413821695926e-02 2.628190624930929227e-83
-6.806412670172150292e-02 8.967288922277443784e-83
-6.799078749323818338e-02 1.340499944918665885e-82
6.757779077250812561e-02 1.279378402252733491e-81
-6.754142682285706190e-02 1.559467869978974528e-81
6.742872432106093716e-02 2.878395606233792269e-81
-6.737297091398475324e-02 3.896373697596467470e-81
6.731698080409269369e-02 5.279820671588794503e-81
-6.717823410920981120e-02 1.119813108213952627e-80
-6.632143834969948804e-02 1.123442166438767897e-78
6.593366194680284897e-02 8.869364529947488733e-78
6.575982186726804513e-02 2.230781855330670152e-77
-6.574282152905597254e-02 2.441026925648078009e-77
-6.573767034793860653e-02 2.508549844222278253e-77
-6.554458851892502880e-02 6.965159204256240837e-77
-6.549488527238096769e-02 9.054979845091343016e-77
6.534021549040887333e-02 2.046208437625626401e-76
6.527199686248827404e-02 2.929852666349236852e-76
6.478026280822793415e-02 3.852523563503186490e-75
6.421698498211443618e-02 7.194704199415969250e-74
6.413976342418974130e-02 1.072575032499114672e-73
6.397381900458394555e-02 2.525676991963323414e-73
-6.333410593843315228e-02 6.717433847624952597e-72
6.311305699218779097e-02 2.071132007835934634e-71
6.307763543053065969e-02 2.479751234957481190e-71
-6.299345042902392000e-02 3.802657689996499729e-71
6.298811494217444740e-02 3.907030974690050670e-71
6.297048411712283245e-02 4.272664437366559698e-71
-6.293689213669252658e-02 5.066326192494984090e-71
6.287059163890337810e-02 7.089567892193150973e-71
6.264162483568155859e-02 2.256255386307917697e-70
6.262188122302607407e-02 2.492616739801561325e-70
-6.249310316377946345e-02 4.770147100985540271e-70
-6.235389563202529267e-02 9.606893277719345859e-70
6.230443357666035076e-02 1.231550965826408387e-69
-6.186215142084228180e-02 1.125107759450014434e-68
6.129185335639030646e-02 1.905029594452660479e-67
6.125667286475221934e-02 2.266340053014484141e-67
6.121971915606788661e-02 2.719589384115542925e-67
6.113250305385335009e-02 4.180092228971648919e-67
6.105447954012318407e-02 6.137143448311647331e-67
6.089987896124747502e-02 1.311612381247771812e-66
6.081589959445556082e-02 1.979812623208899786e-66
6.075877903442636341e-02 2.618850364602302147e-66
-6.071901145496352847e-02 3.181432540291525968e-66
-6.066758703761462174e-02 4.090959430919663694e-66
-6.063316581095188479e-02 4.840260401724845230e-66
-6.062217490336888059e-02 5.107204423381491257e-66
-6.034612525258012394e-02 1.960504222114432768e-65
-6.018288438712275645e-02 4.330796382052501990e-65
6.013077719519586278e-02 5.574956588800682002e-65
-5.980159683966001366e-02 2.734602714007704243e-64
-5.976955734179728585e-02 3.190903881835053134e-64
-5.955904529787821311e-02 8.777371425613474293e-64
5.954982983973027000e-02 9.174166429379247753e-64
5.931048355193233729e-02 2.885683161069065142e-63
5.923122026711002963e-02 4.213296603953763346e-63
5.886107322402586717e-02 2.450810743425427092e-62
5.882080283922309916e-02 2.966301957168821395e-62
5.855442921783512306e-02 1.045144389328211100e-61
5.829565262149542099e-02 3.533142019144338074e-61
5.824223860914769235e-02 4.540013088247651933e-61
-5.812519125713302287e-02 7.858407489324490834e-61
5.726428404566068220e-02 4.297283588044670625e-59
-5.716836587534913222e-02 6.686728787220903020e-59
5.692699250838348379e-02 2.027677885432994207e-58
5.686606434026185430e-02 2.680962346242430096e-58
-5.679485877120630383e-02 3.714305436203334208e-58
5.662230812582543654e-02 8.170461261568541446e-58
5.649139741909351559e-02 1.483545522655367422e-57
5.635483299086239267e-02 2.759973460533033383e-57
-5.635462959433301666e-02 2.762523385989991427e-57
5.625190539736853179e-02 4.402230619256628921e-57
5.617720598157364964e-02 6.174463323805600475e-57
5.592012181853024677e-02 1.971371685670363585e-56
5.583364312497782200e-02 2.909667863540435626e-56
-5.582694654792024619e-02 2.998644822580108643e-56
5.578700067565830339e-02 3.588606489123624649e-56
-5.576132991209434980e-02 4.027381369118372462e-56
5.563837339538767190e-02 6.992866640890940512e-56
5.539681851994875811e-02 2.060102193596544095e-55
5.538149554762292898e-02 2.205899563515464668e-55
-5.533782610452121775e-02 2.680248862599610424e-55
5.530388308337928771e-02 3.118013924881258394e-55
5.514943332247223412e-02 6.199201294815425392e-55
-5.476937656898513834e-02 3.335860897654152817e-54
-5.473969261997557040e-02 3.802591045219345304e-54
5.462737711983100403e-02 6.237165414403702701e-54
5.451897127449948505e-02 1.004607383159133473e-53
5.430561711752080606e-02 2.559846101325235804e-53
5.419329460195927706e-02 4.182469564766612624e-53
5.405403177859919445e-02 7.676801712809288480e-53
5.385387964286457441e-02 1.832565610669678655e-52
5.360086076090332663e-02 5.479591707901241577e-52
5.351409245163816358e-02 7.968245482318622167e-52
-5.340526813764195913e-02 1.273331583042004598e-51
5.315245787562954821e-02 3.769479277491903000e-51
-5.313276456488909977e-02 4.101134200762222227e-51
5.271984530437924532e-02 2.386010842910905370e-50
5.267394373195392193e-02 2.899475578363245031e-50
5.251059140982559242e-02 5.793768861944864434e-50
5.250535007610486471e-02 5.923687850543176539e-50
5.248572697673643123e-02 6.436374205816123290e-50
-5.231196699077833578e-02 1.340496170659099529e-49
5.221107249207929818e-02 2.050184554230646660e-49
5.213671693868075080e-02 2.802564848735538848e-49
5.211635494116742540e-02 3.052812753545221174e-49
5.209782408645372703e-02 3.299831124478254365e-49
5.208725007941991669e-02 3.449596948406138548e-49
-5.183656978895336692e-02 9.854215270385341458e-49
5.175969075444394191e-02 1.358266411214918849e-48
-5.171707873762449587e-02 1.622338139358058421e-48
5.162323491551357862e-02 2.397941584147131702e-48
5.145877828047953212e-02 4.747708817566999446e-48
5.144542913813558022e-02 5.017897340289470894e-48
5.136293306696181754e-02 7.062102054778849300e-48
-5.126002329917937056e-02 1.080782579371961779e-47
5.115475054624049611e-02 1.668799441663994575e-47
-5.111663381792750510e-02 1.952631266261869999e-47
5.077043392601661431e-02 8.088774676221903833e-47
5.076355055520295756e-02 8.319806018110241209e-47
-5.073049297017292320e-02 9.524174450297337232e-47
-5.070937940572674274e-02 1.038263472219678173e-46
-5.070507183042115285e-02 1.056701586147517491e-46
-5.060467007878379636e-02 1.592044532668579317e-46
-5.050239122817833104e-02 2.415042661163979861e-46
5.039448133769499488e-02 3.745093483076169679e-46
4.980552490234462643e-02 4.038694176319561006e-45
4.978426043335489048e-02 4.398491537099436837e-45
4.963585198352559597e-02 7.971369382626734828e-45
-4.956278442380394195e-02 1.067549237343599744e-44
-4.947484400897893958e-02 1.516413276155870579e-44
4.927526291611569048e-02 3.355506085126273203e-44
4.923618504617214425e-02 3.918634833899759538e-44
-4.911778752512684781e-02 6.265377455489914934e-44
4.906620471488386953e-02 7.684055978489288555e-44
4.900231746776549657e-02 9.891225825936092343e-44
-4.890681305716073485e-02 1.441830294151963344e-43
-4.886661917822217316e-02 1.689268387332950190e-43
4.878201877901289230e-02 2.356638964089371740e-43
4.863431794726285479e-02 4.208603575119239955e-43
4.856207492039377183e-02 5.585257042673883561e-43
4.853025288071498994e-02 6.325917403609228651e-43
-4.850563286411162245e-02 6.965304664345092166e-43
4.845482649342790216e-02 8.495070987393902651e-43
-4.844426390096390894e-02 8.852831813962935592e-43
4.823385114234946675e-02 2.009804654721525109e-42
4.818562738227165354e-02 2.424061280302637334e-42
-4.808514829553602044e-02 3.579870857653328890e-42
-4.798612627567155203e-02 5.252813302964269089e-42
4.797297454235664033e-02 5.526923684774808087e-42
-4.789488463105211202e-02 7.473607726310318859e-42
-4.783632493687298842e-02 9.368351977798417266e-42
-4.759650617945762607e-02 2.356679952927677887e-41
4.757360844814192274e-02 2.573051840579767049e-41
-4.757193416651024631e-02 2.589626891572107154e-41
4.757089166094580907e-02 2.600001087778977155e-41
-4.746449426520307768e-02 3.908261798693869463e-41
4.735960099681901792e-02 5.835873242448091321e-41
-4.712226410707625462e-02 1.441022707879839771e-40
-4.704357674744411716e-02 1.942631519615803098e-40
-4.703982037337585409e-02 1.970505240478279527e-40
-4.700847686851697405e-02 2.219139871947163797e-40
4.688355023961505996e-02 3.560712048098899596e-40
-4.681757274619430947e-02 4.568466479583613193e-40
4.678669790169025927e-02 5.132955014242014657e-40
4.677516756479715987e-02 5.361108757305507009e-40
4.670809066850021424e-02 6.902995710077692412e-40
4.665456399576660418e-02 8.443665881912978546e-40
4.662630887479816272e-02 9.390225305551062831e-40
-4.662524620144659071e-02 9.427813451248800289e-40
-4.657049120769662931e-02 1.158119242417228798e-39
4.646038093845056283e-02 1.750256458283313133e-39
-4.643743849981497862e-02 1.907293044798332792e-39
-4.632083559075267365e-02 2.949771950202913696e-39
-4.605593892603647432e-02 7.911186671461084712e-39
-4.602299243976434862e-02 8.940459726676092991e-39
-4.598863885088770587e-02 1.015562117097826254e-38
4.594849634878852424e-02 1.178494601177110281e-38
4.583711308516351390e-02 1.779664717236397667e-38
-4.578690527908255148e-02 2.142343415966726210e-38
-4.576893603680386169e-02 2.289268600048356829e-38
-4.537845798469346270e-02 9.614477043939405820e-38
4.535947693708805573e-02 1.030589268836168903e-37
-4.534579796194582180e-02 1.083460468228937992e-37
4.527106784123073602e-02 1.423633934919509206e-37
-4.519877810836189086e-02 1.853217514407035783e-37
-4.517557019222273595e-02 2.016768307601332916e-37
4.505088639962579605e-02 3.174419303126433956e-37
-4.489214398672675826e-02 5.645542187214081785e-37
4.479994426664242468e-02 7.880088168211889643e-37
4.458050254332052847e-02 1.737951374185446948e-36
4.445725646183348173e-02 2.705385628714217944e-36
-4.444661744541139603e-02 2.810574229678122470e-36
-4.432697411578447738e-02 4.313397521944645863e-36
-4.425171831808617090e-02 5.643835321914161956e-36
-4.423223249871200552e-02 6.050250408793793389e-36
4.422068411038684865e-02 6.304704769626599679e-36
-4.419893172633867356e-02 6.813216305589401449e-36
-4.411752002093703023e-02 9.105143169039891705e-36
4.410337807425227657e-02 9.575011125014782122e-36
4.395858568387779608e-02 1.601314683101833838e-35
-4.392779265287713453e-02 1.785994081628006908e-35
-4.383569175232227694e-02 2.474373276457867799e-35
4.382722811543970920e-02 2.549537756709653375e-35
4.357238999213859654e-02 6.260513268151270177e-35
4.348926804367312521e-02 8.382607066371496594e-35
-4.337823330101371611e-02 1.236926233427533744e-34
4.336258041427658999e-02 1.306558366010862933e-34
-4.332694603879563844e-02 1.479941526782824751e-34
4.330994590991697063e-02 1.570529426395337176e-34
4.320157268128925476e-02 2.292403170170216410e-34
4.318946815278129625e-02 2.391171314381709488e-34
4.317931419666325155e-02 2.477275754221348829e-34
4.314601873201406868e-02 2.781811231360099510e-34
4.285104045931623085e-02 7.740121263431738316e-34
-4.277138778247190076e-02 1.019145534487090361e-33
4.274959674192611164e-02 1.098719886884989259e-33
4.272548758577868894e-02 1.193965915570790219e-33
4.264884428090099516e-02 1.554662046502229674e-33
-4.256348586038592730e-02 2.084857163216374954e-33
4.255273913860983803e-02 2.163232827980837181e-33
4.247738843623231203e-02 2.801327069732357199e-33
4.242196641665558349e-02 3.386944323144544134e-33
4.239951620224610696e-02 3.657413253902865304e-33
-4.238320458534035329e-02 3.867281006925109882e-33
4.235305040698368606e-02 4.287231274439469999e-33
4.223048411344963032e-02 6.513756613886055420e-33
4.220277201189441552e-02 7.158650929872230801e-33
-4.215245135360956574e-02 8.495946415692136880e-33
4.212292719646620193e-02 9.393154706268251478e-33
4.208151172649832877e-02 1.081236461010979969e-32
-4.202591651008196622e-02 1.305746243502138176e-32
-4.195069327016952981e-02 1.684824383940046380e-32
4.192759721312357135e-02 1.821807943659692004e-32
-4.182893412696529756e-02 2.542816823285083254e-32
-4.180841915138782533e-02 2.725106455434097828e-32
4.180169706468818414e-02 2.787614580672880218e-32
4.173271944485524437e-02 3.517294440894407432e-32
-4.172694461940495286e-02 3.586369046597434647e-32
4.169426090686510072e-02 4.003467730228092824e-32
-4.160862488857429431e-02 5.338934851774736177e-32
4.148378356119225563e-02 8.114322790731169403e-32
4.148263145596257223e-02 8.145682774518647904e-32
-4.142878517023185214e-02 9.753737459580186985e-32
-4.139949818902150663e-02 1.075685962254809117e-31
4.138091471712189440e-02 1.144581622673051225e-31
4.131772328037554981e-02 1.413307136108666230e-31
4.130718861381844909e-02 1.463834740836264539e-31
4.129645763328616825e-02 1.517147753275902120e-31
4.127234242734077740e-02 1.644092367094598005e-31
-4.107653102153020763e-02 3.151723990235152842e-31
4.106098344501107889e-02 3.318421957440306535e-31
4.102557089154287157e-02 3.731494718539334259e-31
4.094976097970894763e-02 4.795249341181142611e-31
4.090742837895332967e-02 5.515064448862531079e-31
4.088351319557573249e-02 5.968111966339827955e-31
-4.088129948472937064e-02 6.011871374473868303e-31
4.086062220356417168e-02 6.436301979203552827e-31
4.085088332085830970e-02 6.646382035981563303e-31
4.073896569613061347e-02 9.608323401250052016e-31
4.067765179919513585e-02 1.175312618299701510e-30
-4.058658577192161832e-02 1.584456176921756063e-30
-4.057773957330366998e-02 1.631047623677651261e-30
-4.046174190506714868e-02 2.383733235857252287e-30
4.044026666906280071e-02 2.556907886772180265e-30
4.041925304071263686e-02 2.738434527972946679e-30
-4.035890571662249793e-02 3.333964200964382452e-30
4.016751978775412457e-02 6.210834963685246364e-30
-4.009422123896232149e-02 7.875770220088491965e-30
4.008474138694493455e-02 8.121180119221208486e-30
4.006677020844698345e-02 8.607424220445813004e-30
-4.005149047201755214e-02 9.043495177665661427e-30
4.000224810063429670e-02 1.060354099877612236e-29
3.989810765355106953e-02 1.483684353354755448e-29
3.964772771807331675e-02 3.315596150899026247e-29
-3.958084812432239447e-02 4.106531088371458513e-29
3.957791660758478575e-02 4.145187923343744617e-29
3.953351570933250764e-02 4.776818648044207925e-29
3.930014277237976750e-02 1.004059325047485253e-28
-3.929098487312504551e-02 1.033667872958444575e-28
-3.926189982681951157e-02 1.133567770809203194e-28
3.911499544348820412e-02 1.804553503182252365e-28
3.910208905361607645e-02 1.879637377672193468e-28
-3.908162211475262049e-02 2.005107769946502683e-28
-3.901485985142881530e-02 2.475023217523924350e-28
-3.894464633059164377e-02 3.087317935084492761e-28
3.890696861110318205e-02 3.475579700073048518e-28
3.886663807765104728e-02 3.944944353591926154e-28
-3.882187068088247678e-02 4.539842039737828978e-28
-3.868420940865879148e-02 6.985260750502169788e-28
3.864981604491452699e-02 7.777424518365387521e-28
3.862800078141036264e-02 8.325418721859098126e-28
3.853869278780806817e-02 1.099739978520583271e-27
3.851521986777475121e-02 1.183085814057875650e-27
-3.849688438477315983e-02 1.252522108421681577e-27
-3.847067169513830598e-02 1.358862620602551043e-27
3.846930867937094906e-02 1.364630677190726556e-27
3.845609714963849068e-02 1.421813321506854739e-27
-3.839779978307263780e-02 1.703868422833676824e-27
-3.831753434818886694e-02 2.185009048194521577e-27
-3.828675720696325668e-02 2.403324530035938954e-27
-3.827241658301316213e-02 2.512306090177679463e-27
3.817809390852792278e-02 3.361823860526408336e-27
-3.816906721580245326e-02 3.456727205382628512e-27
-3.814356099738911571e-02 3.739489595359959158e-27
-3.813293944517105738e-02 3.863897640772881876e-27
-3.798846605879431515e-02 6.025119387488598318e-27
3.790185048147952374e-02 7.857636124519512679e-27
-3.789845911836917103e-02 7.939664265859483428e-27
3.787451947349829151e-02 8.543356169895287708e-27
3.783560698594189142e-02 9.623168681580564104e-27
3.778178222433398181e-02 1.134305691266921902e-26
3.777724443932372472e-02 1.150127628328269341e-26
3.761823399163614218e-02 1.866821088482601187e-26
-3.761047222618187080e-02 1.911386123883842776e-26
3.753913682257447454e-02 2.373642955356099653e-26
-3.748824423449378246e-02 2.769604008447545441e-26
3.740957194690110871e-02 3.514121863298047410e-26
-3.740570231552284991e-02 3.555471133807855453e-26
3.738321449752379788e-02 3.805489957134756469e-26
3.732048067332960350e-02 4.598869909184058128e-26
3.728886448521237518e-02 5.058789280821448456e-26
-3.704712785578614248e-02 1.045712999951714701e-25
3.687930870069330846e-02 1.726466813942838896e-25
3.685967483036292625e-02 1.830499376097664180e-25
-3.685088697808528574e-02 1.879053044066613477e-25
3.676839420913050743e-02 2.401792414579981542e-25
3.667895089295727939e-02 3.132185285709573864e-25
3.664064178539218342e-02 3.508743667157529564e-25
-3.658340602624474136e-02 4.156426293460729811e-25
-3.655796673967851018e-02 4.481076057126530291e-25
3.654980649894563893e-02 4.590444523505072546e-25
-3.653562978020689217e-02 4.786774089412842216e-25
-3.653205591360227100e-02 4.837566734294630734e-25
-3.646872156391899045e-02 5.831628254212115082e-25
3.637812222456675293e-02 7.614679991231796218e-25
-3.635766734662575911e-02 8.086691114246558139e-25
-3.633629920426674487e-02 8.610745817052019169e-25
-3.625502248317623299e-02 1.093003395222095700e-24
-3.620613055000710540e-02 1.261305848692456355e-24
-3.619472454562192715e-02 1.304124070188792071e-24
-3.619187759446044345e-02 1.315034210766911595e-24
-3.619025753634709519e-02 1.321282946384789562e-24
-3.616812978635332992e-02 1.409635440487780826e-24
-3.612615422839975110e-02 1.593623924922469554e-24
3.611479918143729873e-02 1.647358758947358165e-24
-3.602098656244785702e-02 2.165740236304956703e-24
-3.599406738664825967e-02 2.342311375577567722e-24
-3.594484892378747853e-02 2.702805070417229544e-24
-3.578110424416085927e-02 4.345558300225230349e-24
3.576624897379922924e-02 4.536380202723246571e-24
-3.568918741777635240e-02 5.667684541921855147e-24
3.566717720984084739e-02 6.039294786225436934e-24
3.562269433031189925e-02 6.865556577696551500e-24
3.560158836320631570e-02 7.295835979225723450e-24
-3.553406272914705344e-02 8.859977729007139394e-24
-3.552959163533424974e-02 8.974549571009686431e-24
-3.549176034789407880e-02 1.000459135307929683e-23
-3.543794837734288300e-02 1.167436994389554463e-23
3.543538145992726485e-02 1.176057580499727361e-23
3.543456349419132900e-02 1.178817810984762097e-23
-3.540024979562602508e-02 1.300574850850187592e-23
3.533247590127947674e-02 1.578815386463802488e-23
-3.531506630722781870e-02 1.659333951591018502e-23
3.525910085162065749e-02 1.946734919169054546e-23
-3.525811943474087273e-02 1.952191364083355071e-23
3.524897274031551370e-02 2.003778654092848776e-23
-3.522396295578594100e-02 2.151827043505851869e-23
3.521848565478534476e-02 2.185668991330453949e-23
-3.518591215008811529e-02 2.398092739230301924e-23
3.511767209192557387e-02 2.911624106308842843e-23
3.503487362019194751e-02 3.682703783874984094e-23
3.503207533058647766e-02 3.712025471793275252e-23
-3.500895339063232053e-02 3.963321350044070534e-23
3.498737883066887350e-02 4.212958078744179357e-23
-3.497107461308931325e-02 4.411882798284144512e-23
3.496390189984532881e-02 4.502314825858497476e-23
-3.496300234479268049e-02 4.513784957065527213e-23
3.483976171751793083e-02 6.392405505607904160e-23
-3.483033946819100168e-02 6.564425731859393069e-23
-3.469041598796637066e-02 9.729626840466768141e-23
3.465146970228814155e-02 1.085285613617632877e-22
-3.463374464020535504e-02 1.140567432615982402e-22
-3.462320210549547223e-02 1.174760593492378691e-22
-3.458367731714751675e-02 1.312229801493606586e-22
-3.451332997149467174e-02 1.597408409355203184e-22
-3.447855935255582371e-02 1.760218478740621836e-22
3.447303446908998176e-02 1.787558491044945626e-22
3.441162031223937018e-02 2.121269101086012589e-22
-3.436999847865974955e-02 2.381774719086189174e-22
-3.433130857671194691e-02 2.652212873665697597e-22
-3.431699371066600224e-02 2.759793903774069218e-22
-3.428883609333287230e-02 2.984166388492215878e-22
-3.423983189783315340e-02 3.418506948898492210e-22
-3.420155844167122733e-02 3.800753712378249175e-22
-3.415461802982729805e-02 4.327709582081288888e-22
3.407758131544946778e-02 5.353473185729374381e-22
-3.406736577711148850e-02 5.506429379669617872e-22
3.405653299604229078e-02 5.673353045601307014e-22
-3.402479849056366107e-02 6.191718320937565725e-22
-3.402229399536782495e-02 6.234568803728772080e-22
3.392467987374737232e-02 8.154148739844952614e-22
-3.392070750287859426e-02 8.243573785144208339e-22
3.390086567823440838e-02 8.704984332480126650e-22
3.388253525007593747e-02 9.153911807050358072e-22
-3.376384389086496685e-02 1.266875969972584118e-21
3.373405912551081381e-02 1.374272099688284112e-21
3.373376033695377196e-02 1.375393847143792129e-21
-3.371700214454546873e-02 1.439781156059044007e-21
3.369209541173671246e-02 1.541023762975765672e-21
3.367588772097423327e-02 1.610656369613880837e-21
-3.362707914558136363e-02 1.839706344187033759e-21
-3.360699231220309890e-02 1.943074457374604510e-21
3.357962794870003598e-02 2.093193637158039685e-21
3.347861965235706533e-02 2.753507866699268901e-21
-3.344314529258258367e-02 3.031258086312530540e-21
3.336755461993597821e-02 3.718884500419104193e-21
-3.334612666756251592e-02 3.940455110217924832e-21
3.332979814039455091e-02 4.118016933481835179e-21
3.332523514206223864e-02 4.169035894515761046e-21
3.329056506139198984e-02 4.577654593749981356e-21
3.327116963044571274e-02 4.823273227615398880e-21
-3.325599108650284519e-02 5.024542861310820913e-21
-3.325118662795081143e-02 5.089964870279728634e-21
-3.324516692793506173e-02 5.173124945906288347e-21
3.323356566225380698e-02 5.337200841286188336e-21
3.320240520895394870e-02 5.803816078624239807e-21
-3.319383251900766968e-02 5.939118062495547246e-21
3.318503032459139968e-02 6.081288080632321815e-21
-3.315037440204368635e-02 6.674501072638568799e-21
-3.312521314641395792e-02 7.140709263778745463e-21
3.297811507077801074e-02 1.058596118357298895e-20
3.297159440042964768e-02 1.077191079970075279e-20
3.289141293598191879e-02 1.334027011216220001e-20
3.287559100665015527e-02 1.391440115512772786e-20
3.285920612465889623e-02 1.453471228885146797e-20
-3.284589083439443807e-02 1.505888811852090407e-20
3.277383720759379643e-02 1.823678790781807729e-20
3.272242991543594659e-02 2.090099293216424537e-20
3.257751743355848800e-02 3.066255268201192204e-20
3.254266924341724099e-02 3.361442942471299123e-20
3.253026639913132734e-02 3.473143174828747715e-20
3.253018702047000277e-02 3.473869748206232516e-20
3.252686232534190286e-02 3.504436862466760701e-20
3.252220443395006239e-02 3.547708997438276566e-20
3.251619889220775522e-02 3.604281242794015666e-20
3.249127952938786479e-02 3.848704457857105230e-20
-3.248746016540857151e-02 3.887587757756302945e-20
3.243582482797711247e-02 4.452988104171291815e-20
3.238703974422071918e-02 5.061546602154624445e-20
-3.226230015660756095e-02 7.017074642474819929e-20
-3.225412157807284325e-02 7.168681567697763129e-20
3.222159619893624760e-02 7.804315136510417216e-20
3.220031717608345251e-02 8.249984940346068974e-20
3.218648721717245337e-02 8.553032629829690073e-20
-3.218497377014057498e-02 8.586856493073374399e-20
3.213144206274546472e-02 9.872145181056545343e-20
-3.209432289042659509e-02 1.087322071995019129e-19
-3.206127411826371204e-02 1.184854850107471097e-19
-3.202576472283447800e-02 1.299295156811736611e-19
-3.200312925497240946e-02 1.377876679098093178e-19
3.200069834817591968e-02 1.386590151366809530e-19
3.197011059208168526e-02 1.500996150383760625e-19
-3.181978803217615920e-02 2.213724035620258198e-19
3.180641729035767890e-02 2.291369064740013853e-19
3.179863538105276444e-02 2.337791714829671320e-19
-3.175890430242522822e-02 2.589683805950075852e-19
3.175372682382247846e-02 2.624423812150274139e-19
3.174348922415221735e-02 2.694477304884069399e-19
3.173258988087390708e-02 2.771089953166528779e-19
3.169285882202835247e-02 3.069030037230666067e-19
-3.168098557757064587e-02 3.164057091234881076e-19
-3.166044124206849469e-02 3.335397276352934573e-19
3.164632942353258482e-02 3.458368766252695800e-19
3.160471767344275734e-02 3.847655577708570412e-19
3.156234889515671660e-02 4.288471976226367122e-19
-3.156208667788455019e-02 4.291349853288718211e-19
3.152338372297264907e-02 4.737728804650733962e-19
3.150662109050434562e-02 4.945015271409940100e-19
3.144171589322878463e-02 5.835606057435297289e-19
-3.142832028014382745e-02 6.038247927171469359e-19
3.138932704202437862e-02 6.668524152724204476e-19
3.138856920812386347e-02 6.681396170028550153e-19
-3.131446483386567115e-02 8.066139537365956729e-19
3.128013592318888009e-02 8.800247110268438875e-19
3.124703591751904971e-02 9.570428296646697724e-19
-3.124408299262439875e-02 9.642288521849277458e-19
3.121637887353765142e-02 1.034296410179978331e-18
3.117026080525827497e-02 1.162251841563587966e-18
3.109710678901648345e-02 1.397980304601968794e-18
3.109236259078227912e-02 1.414802731749498020e-18
3.105684723334021721e-02 1.547248760374131639e-18
-3.104257441793722982e-02 1.603860429737373681e-18
3.099348536500295959e-02 1.814633149161684171e-18
-3.098532649383092807e-02 1.852222337517664003e-18
3.097235482688013783e-02 1.913573626464771355e-18
3.097172838945329645e-02 1.916586708328878926e-18
3.096358031063898078e-02 1.956207276683032113e-18
-3.090995326941304092e-02 2.237918083297673728e-18
3.087959270148482246e-02 2.414791522276807536e-18
-3.083143969320189040e-02 2.724018561301599527e-18
3.075008288861354536e-02 3.337670688159643645e-18
3.074780257261686134e-02 3.356705658615905946e-18
3.072460604493930381e-02 3.556533484739671568e-18
3.071893876614562036e-02 3.607112995852866992e-18
3.064271219665894164e-02 4.360546382993876064e-18
-3.063880067516066424e-02 4.403143685556235411e-18
3.062384601050550936e-02 4.569824262121166210e-18
-3.061700026630606586e-02 4.648188638643985693e-18
-3.060808181569362255e-02 4.752272348902959710e-18
3.060008473340653304e-02 4.847557574842051582e-18
3.054617748560513671e-02 5.540933833977705035e-18
-3.044764431365322432e-02 7.070468960846905000e-18
-3.044414642194786039e-02 7.131818110319268389e-18
-3.042927501749410901e-02 7.398564708278545653e-18
3.041873807077888001e-02 7.593501306022154580e-18
-3.041152636567805503e-02 7.729833258179042199e-18
3.030154566444571290e-02 1.013452957723315549e-17
-3.027491226878654962e-02 1.082000926225222081e-17
3.026345621222687951e-02 1.112875057001826545e-17
-3.024531867893092904e-02 1.163542544812571134e-17
3.023293738496860006e-02 1.199430479218095015e-17
3.022283489437486634e-02 1.229520634597239817e-17
-3.018156195392537530e-02 1.360384030163572330e-17
3.014563521591044279e-02 1.485421501750033018e-17
3.008879854708830168e-02 1.706763483770459515e-17
-3.001997412908794308e-02 2.018698495794006443e-17
-2.997286538082294394e-02 2.263990753749198366e-17
2.996853683905299076e-02 2.287952154682690982e-17
-2.996676337102588752e-02 2.297841598454695370e-17
2.995082992780142422e-02 2.388604507592198442e-17
2.990004729257225019e-02 2.702137830786036855e-17
-2.986826206866151009e-02 2.918690238844619585e-17
2.984015837928527190e-02 3.124364430069467723e-17
2.981150109884960972e-02 3.348805665969192975e-17
-2.980689284855013443e-02 3.386352022602462800e-17
-2.979613423228303845e-02 3.475633417792647637e-17
-2.977170378094076003e-02 3.687085659225889184e-17
2.976427344484876281e-02 3.753878275749164992e-17
-2.966188795450010185e-02 4.805341178454602985e-17
-2.965825431578567040e-02 4.847565360370840822e-17
-2.963551225383771748e-02 5.120273613160668828e-17
-2.963358903649311593e-02 5.144017738686271776e-17
-2.955945730929894835e-02 6.146882975657192587e-17
-2.951282055674851398e-02 6.874183065129237604e-17
-2.950644563746402174e-02 6.979976164791153684e-17
-2.950259612564716874e-02 7.044635463079877996e-17
-2.941781037121866602e-02 8.628407054812756377e-17
-2.940463913045966715e-02 8.904103881599255209e-17
-2.937682871086347292e-02 9.515074285949332403e-17
-2.932080982308429840e-02 1.087396530483994059e-16
2.930568466591289278e-02 1.127257067708973972e-16
-2.924237836142734234e-02 1.310321905358725043e-16
2.919611276013200571e-02 1.462358169266511851e-16
2.916675316099660159e-02 1.567725682508663196e-16
-2.915842853542546451e-02 1.598940205136982213e-16
2.914514784579871551e-02 1.650011295657221741e-16
2.914270898715951366e-02 1.659563212784657356e-16
2.912150508538830646e-02 1.744939993491547436e-16
2.906108083150991256e-02 2.012708098735776609e-16
-2.905504974506321544e-02 2.041560732375431519e-16
-2.905487913622899210e-02 2.042382825087821224e-16
-2.904227594386670636e-02 2.104023441638719535e-16
2.894894697815214926e-02 2.621241504019853239e-16
2.893863485038738678e-02 2.685566291760181542e-16
-2.891369795608610821e-02 2.847618019224013576e-16
-2.891039077445478611e-02 2.869820999030257703e-16
-2.890903720151127496e-02 2.878957431301384738e-16
-2.887975194927443548e-02 3.083800281793930329e-16
2.887432017090513225e-02 3.123343265924959418e-16
-2.883659024651313157e-02 3.412149580676049176e-16
2.881294504176892118e-02 3.606396765600820309e-16
2.879553227918296016e-02 3.756373189849890080e-16
2.879488934358746810e-02 3.762026911766909470e-16
-2.875519789202682017e-02 4.127788256505795431e-16
2.872488402160289570e-02 4.430535112049804771e-16
2.871223962135319857e-02 4.563189327882617877e-16
2.871156690282605783e-02 4.570355535391996416e-16
2.870946445688963428e-02 4.592823639624968512e-16
-2.869388182912003399e-02 4.762777359619540805e-16
-2.861969884964871841e-02 5.660710714652214208e-16
2.861945602531403010e-02 5.663907924001514837e-16
-2.860805726160303361e-02 5.816011879646269516e-16
2.859041576116556904e-02 6.059387870820473546e-16
2.856733527302636466e-02 6.393004456992236007e-16
2.855798633656163321e-02 6.533231309211046229e-16
-2.852384524403347651e-02 7.071543299495426543e-16
-2.850878666426245878e-02 7.322648046721825532e-16
-2.844980445177107062e-02 8.393613595187292218e-16
-2.844489404224740184e-02 8.489436315275785402e-16
2.843880871373807503e-02 8.609683104848282664e-16
-2.843758342099534514e-02 8.634097199555511522e-16
-2.840483661778819835e-02 9.312455476028811772e-16
-2.839591002012183119e-02 9.506306427006715315e-16
-2.836861433685180719e-02 1.012406070550359199e-15
2.835893087810277546e-02 1.035258522111150200e-15
2.832611672831339758e-02 1.116541826821326655e-15
2.831936306197864114e-02 1.134035245941674160e-15
2.831345860317113078e-02 1.149550046884056719e-15
2.829436725346713699e-02 1.201160184850316152e-15
-2.824986968516720459e-02 1.330476671933241191e-15
2.821464281720878833e-02 1.442492966810286639e-15
-2.817874799467122091e-02 1.566181177821022336e-15
-2.809552566313498062e-02 1.894558891797777683e-15
-2.808219532778814115e-02 1.953112516609837363e-15
2.803923584971141150e-02 2.154204559561600951e-15
2.801305419937751007e-02 2.286619326740618621e-15
-2.800767736216034504e-02 2.314788823923096106e-15
2.793698616944892410e-02 2.718505820128889651e-15
2.790500353122612326e-02 2.923222746669697961e-15
-2.782901394136824344e-02 3.472475445610046260e-15
-2.781778104066717078e-02 3.561853633521083236e-15
2.779059454195813295e-02 3.787653505914558876e-15
2.776058991063413972e-02 4.053237742892116310e-15
2.772257821315945309e-02 4.416149551273325498e-15
2.771129542900629961e-02 4.529898390109994033e-15
2.769931146369806335e-02 4.653875388059966844e-15
-2.767123986416548942e-02 4.957508604522253828e-15
2.766655309367161558e-02 5.010067997403193892e-15
2.765772581555511062e-02 5.110554524773038564e-15
-2.759319560485103129e-02 5.907911553835698797e-15
-2.758657393975609898e-02 5.996351132464048350e-15
-2.758334530660754708e-02 6.039944387068385490e-15
-2.757356763659838533e-02 6.173874943946190864e-15
-2.757000829283095394e-02 6.223351606338714459e-15
2.753325075135950456e-02 6.757682232910490658e-15
-2.752595122703181338e-02 6.869044725154911798e-15
2.748565925654409062e-02 7.517029344998209200e-15
-2.748465837118077917e-02 7.533868791522304044e-15
2.748313881062944969e-02 7.559505711469178128e-15
-2.747938186128300736e-02 7.623259366843161733e-15
2.747841645307757402e-02 7.639727165214472854e-15
2.747692503525654348e-02 7.665236408660228364e-15
-2.746838723002829191e-02 7.812888916362433812e-15
2.745148760609167349e-02 8.113452002988222232e-15
-2.741515669477995881e-02 8.798658746527362808e-15
-2.740230537906401462e-02 9.054422092763381854e-15
-2.739317310954176785e-02 9.240602893746826398e-15
-2.735869196469774625e-02 9.978161083784266948e-15
-2.735591175284591073e-02 1.004009353213382573e-14
2.734266841314191704e-02 1.034033556749230695e-14
-2.733577745635403650e-02 1.050003869809963286e-14
2.732816995046872047e-02 1.067916804500211799e-14
2.730017143614894143e-02 1.136470896321542330e-14
2.726892203819514249e-02 1.218105339957953514e-14
2.724540507827150071e-02 1.283319232968420493e-14
2.718040414817925188e-02 1.481973090439198126e-14
-2.716501911409960335e-02 1.533251987123183326e-14
2.715926041203994487e-02 1.552891615611013063e-14
-2.713942023594792183e-02 1.622469125308492768e-14
2.713101032162088672e-02 1.652879175314470387e-14
-2.707889789461308608e-02 1.854215175357299859e-14
2.707729080872153457e-02 1.860793135484568616e-14
2.707608597205123785e-02 1.865739701540523662e-14
2.706304645265863659e-02 1.920109174159203674e-14
2.703290868700360117e-02 2.051806165527461831e-14
-2.700374246764608924e-02 2.187702871252658330e-14
-2.699429219645716610e-02 2.233605805186555573e-14
-2.696216850478966309e-02 2.396837536951480797e-14
-2.694475042473770329e-02 2.490193539976754019e-14
-2.690598590015092981e-02 2.710986837487569758e-14
-2.689475046315317058e-02 2.778504846827246484e-14
2.688933208930332705e-02 2.811654357532329972e-14
2.688643487526973588e-02 2.829538744406581487e-14
2.685231849540525850e-02 3.048741422295990054e-14
-2.681563402156558751e-02 3.303089178654661098e-14
2.679808901141121982e-02 3.432002402066356255e-14
-2.671582268728239437e-02 4.105538407765854271e-14
2.671094528019763922e-02 4.149318582232515098e-14
2.670627905651672476e-02 4.191632693579533492e-14
-2.668026453693109548e-02 4.435430129169542172e-14
-2.666086235596117071e-02 4.626285590092864397e-14
-2.663829546886523070e-02 4.858445111699517186e-14
2.662994780869757522e-02 4.947193655938381249e-14
-2.661045157890513241e-02 5.160724275645459236e-14
-2.658982725676551501e-02 5.396474106864279119e-14
2.658949389010523828e-02 5.400370371389038511e-14
2.655815288860172152e-02 5.779296095890152311e-14
2.654659215587291260e-02 5.925570461557320132e-14
-2.650217601945747611e-02 6.522185605043710848e-14
-2.647384189141818028e-02 6.933231078397257431e-14
-2.643716174493196402e-02 7.503357538836602136e-14
2.643033926712893417e-02 7.614371192738864021e-14
-2.640031721233481593e-02 8.122374720256647438e-14
2.639577809415014770e-02 8.202025930019456569e-14
2.638068570483237396e-02 8.472423074360278102e-14
-2.633979513050920679e-02 9.249828707624472808e-14
2.632291554315302831e-02 9.590812240477624562e-14
-2.628568196926929154e-02 1.038724441407723345e-13
-2.627971008779378739e-02 1.052089357569502792e-13
2.627527764605738433e-02 1.062118176401348419e-13
2.623127025010925720e-02 1.166927266122686305e-13
-2.622073873206380926e-02 1.193479269335454660e-13
2.621126064269963321e-02 1.217882412019561026e-13
-2.621089138950379038e-02 1.218842982652308669e-13
2.619951028902241241e-02 1.248817524214935633e-13
2.618781960225215893e-02 1.280361485625540937e-13
2.618104949178436114e-02 1.298985313824371920e-13
2.616160959931211269e-02 1.353954548770396073e-13
2.613769107433422043e-02 1.424731560027306806e-13
2.612835159250341543e-02 1.453344046793524586e-13
2.600960262252118016e-02 1.870271722672418823e-13
-2.600379036250756448e-02 1.893449176024990631e-13
-2.597217785274226129e-02 2.024538169940062463e-13
2.590895703371067990e-02 2.314004105074557349e-13
2.588943241488048108e-02 2.411351497393439968e-13
-2.586534491663435367e-02 2.537004892864393084e-13
-2.585747085418600710e-02 2.579458465269680004e-13
2.580196295342189819e-02 2.899181837291671273e-13
2.579313063532348918e-02 2.953523900225416663e-13
2.578819964779077017e-02 2.984296362437075948e-13
-2.577572669155473936e-02 3.063548070820751852e-13
2.577472992590178549e-02 3.069969864230889786e-13
2.572396904242413990e-02 3.415085296152856131e-13
-2.570898084097113928e-02 3.524082881341232318e-13
-2.570035375259679261e-02 3.588362640129569885e-13
2.568481607891463445e-02 3.707049600402619372e-13
-2.563441998484645989e-02 4.119159413453691035e-13
-2.558414144225294035e-02 4.575045541827534949e-13
2.558100723330378190e-02 4.605049462729354348e-13
-2.557928258996364571e-02 4.621641870111276910e-13
2.556795515291348381e-02 4.732088848592241012e-13
-2.556568744380698435e-02 4.754509229177674735e-13
2.555635274586632796e-02 4.847902940005794478e-13
2.555136016931838436e-02 4.898590607596203305e-13
2.551823902415881196e-02 5.248282520212673194e-13
-2.548880532903374449e-02 5.579532484131077318e-13
2.545466816419227410e-02 5.989476232453960661e-13
-2.544150438705964148e-02 6.155334489113976748e-13
-2.543608368812425025e-02 6.224936289289197730e-13
-2.542493566394518623e-02 6.370514120988460838e-13
-2.532603510462067692e-02 7.817271282227752327e-13
2.527707169722178196e-02 8.648368351793922195e-13
-2.522506779384898340e-02 9.626051012670765887e-13
2.519616365448701725e-02 1.021553166561709074e-12
-2.514343065534509203e-02 1.138362364192397153e-12
-2.512509728142746021e-02 1.181966774263110127e-12
2.510145031866813092e-02 1.240636232569105385e-12
-2.508449362946865713e-02 1.284456520521024157e-12
-2.508128289383898882e-02 1.292923205090817182e-12
2.504999971333580697e-02 1.378335931444763306e-12
2.500411822425802413e-02 1.513706063065739000e-12
2.498740402278666270e-02 1.566193338705638686e-12
-2.484281767313993236e-02 2.101393443983065775e-12
-2.482795085293965434e-02 2.165675916154534211e-12
2.482542172052807847e-02 2.176801919096800996e-12
2.476106874640748856e-02 2.479539914534962963e-12
2.475152351521854588e-02 2.527826265399556436e-12
-2.472224498795553421e-02 2.681762131416574196e-12
2.471473527795025812e-02 2.722704208992895273e-12
2.469851050426930678e-02 2.813263840995340398e-12
2.466490090992536771e-02 3.010355918146533752e-12
-2.464743849933771422e-02 3.118040071819813615e-12
-2.464325272600495498e-02 3.144408181070093758e-12
2.463397277953515221e-02 3.203648997332289022e-12
-2.461873848429708272e-02 3.303282112907701132e-12
2.457511086486604754e-02 3.605721192119735449e-12
-2.453006123082094800e-02 3.946485224760337493e-12
2.445550296183607655e-02 4.581054878084288458e-12
2.443323582836319854e-02 4.789255676794513065e-12
2.441547049161533339e-02 4.961990969761484266e-12
-2.438646685097084141e-02 5.257207576602875882e-12
-2.436693232988046756e-02 5.465673781411885098e-12
-2.435876542252223692e-02 5.555210867895714289e-12
-2.435274078827769431e-02 5.622181220603831990e-12
-2.433622163723423923e-02 5.809895299208371014e-12
2.432872720783556264e-02 5.897070233773229202e-12
2.431244815360639536e-02 6.090867767791162365e-12
2.431135671341527749e-02 6.104082028390400412e-12
2.430836273008139467e-02 6.140475134833771636e-12
2.430704977407854156e-02 6.156501653141629153e-12
-2.430694805145889106e-02 6.157745033897213684e-12
2.430140176410661504e-02 6.225912487243525034e-12
2.427344407640334364e-02 6.580950279921886911e-12
-2.426225657447139000e-02 6.728514385746841261e-12
-2.423315458482779711e-02 7.127728231580503842e-12
-2.416691702592249635e-02 8.124885746777588371e-12
-2.415408460614666339e-02 8.333295902463165847e-12
-2.414900857579171597e-02 8.417173179011514955e-12
-2.414633269508098534e-02 8.461722332676417581e-12
2.413803280716554991e-02 8.601376902947932436e-12
-2.412873438595647055e-02 8.760515852771736368e-12
2.412319534111427230e-02 8.856681792376439741e-12
-2.412171664489400763e-02 8.882528548366391081e-12
2.411949936880707773e-02 8.921423800914224750e-12
-2.410828091365783618e-02 9.120789241932428247e-12
-2.406535390229368881e-02 9.924762026015615999e-12
-2.404557116027751518e-02 1.031825602295000595e-11
2.403843762653258553e-02 1.046386385330346978e-11
2.401563966372328648e-02 1.094283617256440997e-11
-2.400168502260235925e-02 1.124654276638287207e-11
-2.399628354353235127e-02 1.136630309044010111e-11
2.399322982490956560e-02 1.143456124534417597e-11
-2.398501250047388456e-02 1.162023896987531478e-11
2.395598601285594403e-02 1.230006412479002977e-11
-2.395199199442653998e-02 1.239660505864143832e-11
-2.394336349664183752e-02 1.260770835306189392e-11
2.394227079123293842e-02 1.263469220892775895e-11
2.392857351606297867e-02 1.297777668225626922e-11
2.392763130037440372e-02 1.300170953393988944e-11
2.392354217517881146e-02 1.310607767120199911e-11
-2.390176106993608524e-02 1.367598240974892838e-11
-2.388876412453352222e-02 1.402753725863964851e-11
2.388373144102130807e-02 1.416603055865532135e-11
-2.388229408930271289e-02 1.420582996813756368e-11
2.385893239682586320e-02 1.486826695429943509e-11
-2.385446799439529253e-02 1.499825728568368667e-11
-2.384617846117083675e-02 1.524258269281410613e-11
2.383589088205098974e-02 1.555122363948333327e-11
-2.382997735671624900e-02 1.573139860803024010e-11
-2.381983844637233089e-02 1.604508234263941922e-11
-2.381364999880859062e-02 1.623954589012146971e-11
2.376513981408151163e-02 1.784599729169096888e-11
-2.375465967203480369e-02 1.821297013162731509e-11
2.374552120787728343e-02 1.853898573471090966e-11
-2.373502900928341555e-02 1.892034570322064407e-11
2.373034058817198935e-02 1.909322876701677239e-11
-2.369078748120095196e-02 2.061463584006014491e-11
2.368146806776080110e-02 2.099003171577230404e-11
2.367787214277769503e-02 2.113666180834554431e-11
-2.366758111884050345e-02 2.156186015451507213e-11
-2.357806566201887943e-02 2.563146930992263369e-11
-2.357802849966946640e-02 2.563330578381879136e-11
2.355542161437207752e-02 2.677468977340246095e-11
-2.354582629759021870e-02 2.727404499028251040e-11
2.353470154823164920e-02 2.786441164860722188e-11
-2.353202059559708972e-02 2.800854386975575160e-11
2.347869046319886813e-02 3.103210197207151340e-11
-2.343321590196931550e-02 3.386080764433052917e-11
-2.342737599662099782e-02 3.424187915752045816e-11
-2.342325402010027660e-02 3.451337392393674397e-11
-2.340266509129084252e-02 3.590132184333006690e-11
-2.337290835838805314e-02 3.800427313055459069e-11
2.336782316576020355e-02 3.837551393800856722e-11
2.336336046042251577e-02 3.870423230695690871e-11
-2.335892980701689131e-02 3.903331481591098120e-11
2.335275583141309397e-02 3.949645059972706164e-11
2.329063192281024403e-02 4.446628234312168016e-11
-2.326128096078841287e-02 4.702229131519441999e-11
2.325847735263640928e-02 4.727383209697672667e-11
-2.324030945698625505e-02 4.893606376880193037e-11
-2.321647850831070475e-02 5.120334836388072780e-11
-2.319658971197396599e-02 5.317397652329652774e-11
2.318061659702731411e-02 5.481017511105058713e-11
2.317727121053621969e-02 5.515904383444089000e-11
2.316604236683957735e-02 5.634598214410945321e-11
-2.316583378699081999e-02 5.636826461814940388e-11
2.315684591459406944e-02 5.733666568352200343e-11
-2.314779871413447099e-02 5.832788836198488866e-11
-2.313628987747558263e-02 5.961306039505334106e-11
-2.313508828435069040e-02 5.974882636901265903e-11
-2.310188428213326081e-02 6.362247308309468221e-11
2.304697490001987592e-02 7.057370309144059700e-11
2.303835345968386836e-02 7.173055661124462752e-11
-2.303663421138893441e-02 7.196345885902476116e-11
-2.299119200237652663e-02 7.839465335864044403e-11
-2.297934672490590732e-02 8.016134959729229019e-11
2.296383853653353319e-02 8.253331179128401452e-11
-2.295096411009756379e-02 8.455446069859049834e-11
2.293271658934122742e-02 8.750225867817377653e-11
-2.292771623744267392e-02 8.832742854510335953e-11
-2.292218357952446536e-02 8.924930805599100582e-11
2.290867874475767049e-02 9.153923851704445513e-11
2.289088881757563379e-02 9.464361703718621105e-11
-2.285211094228340595e-02 1.017714043030119334e-10
2.283447993613435881e-02 1.051832253049700400e-10
2.283382480651044086e-02 1.053121323007179306e-10
-2.282033444390247495e-02 1.080011672189546664e-10
-2.281662072171718181e-02 1.087531302161870489e-10
2.281056006865467625e-02 1.099913102031120989e-10
-2.280507652683237338e-02 1.111234545629128892e-10
-2.278558122839528105e-02 1.152414890152986870e-10
2.277790993811403680e-02 1.169024877716358732e-10
-2.277520888394187620e-02 1.174928758366972076e-10
-2.274630740722695735e-02 1.239953480331689744e-10
2.274232036394552292e-02 1.249195496804163974e-10
2.273274644217768842e-02 1.271663778480868863e-10
2.264837650269087288e-02 1.487519099739075513e-10
2.264555123431892525e-02 1.495334907908246914e-10
2.264504452967105314e-02 1.496740890818313368e-10
-2.261269855744967722e-02 1.589217331909482767e-10
-2.261009763255768593e-02 1.596891252677345300e-10
-2.260984353483760922e-02 1.597642896014660942e-10
-2.253332109022030197e-02 1.840461170941049274e-10
2.253161754486806417e-02 1.846257722351746621e-10
2.252128638296981358e-02 1.881794936369295641e-10
2.250779453602549593e-02 1.929211955804003397e-10
-2.245814495505479153e-02 2.113967947429747497e-10
-2.245475802640533453e-02 2.127182742168184257e-10
2.244674510158970945e-02 2.158768920495091097e-10
-2.244326901717211969e-02 2.172613368469012997e-10
-2.240303594623619179e-02 2.339300420925352462e-10
