4.968700000000000000e+05
3.356020000000000000e+05
4.479630000000000000e+05
2.658890000000000000e+05
4.789770000000000000e+05
3.714400000000000000e+04
7.090700000000000000e+04
6.294000000000000000e+04
2.045590000000000000e+05
4.671000000000000000e+03
3.544840000000000000e+05
1.609350000000000000e+05
4.365110000000000000e+05
4.566530000000000000e+05
2.688400000000000000e+04
6.952700000000000000e+04
2.280800000000000000e+04
2.193800000000000000e+04
1.608940000000000000e+05
2.326520000000000000e+05
1.668280000000000000e+05
1.335000000000000000e+04
3.380340000000000000e+05
4.816870000000000000e+05
3.749610000000000000e+05
2.773620000000000000e+05
4.627690000000000000e+05
1.945190000000000000e+05
4.054490000000000000e+05
1.741880000000000000e+05
2.557800000000000000e+05
3.755540000000000000e+05
2.372940000000000000e+05
2.164980000000000000e+05
1.138850000000000000e+05
7.992500000000000000e+04
3.958020000000000000e+05
4.592880000000000000e+05
1.910580000000000000e+05
1.964050000000000000e+05
1.187320000000000000e+05
2.178170000000000000e+05
3.439540000000000000e+05
3.458650000000000000e+05
4.483910000000000000e+05
2.432040000000000000e+05
4.451860000000000000e+05
8.934700000000000000e+04
3.729610000000000000e+05
1.679780000000000000e+05
6.309600000000000000e+04
1.387870000000000000e+05
4.881700000000000000e+04
9.030000000000000000e+04
1.326360000000000000e+05
7.211700000000000000e+04
2.442000000000000000e+05
2.806020000000000000e+05
3.714790000000000000e+05
4.163220000000000000e+05
1.641300000000000000e+04
1.946460000000000000e+05
8.584800000000000000e+04
6.539300000000000000e+04
3.237060000000000000e+05
4.627650000000000000e+05
2.592220000000000000e+05
3.476050000000000000e+05
7.250000000000000000e+03
2.093790000000000000e+05
3.328170000000000000e+05
1.290120000000000000e+05
4.719000000000000000e+03
2.596270000000000000e+05
1.786000000000000000e+05
2.324830000000000000e+05
1.364090000000000000e+05
5.647200000000000000e+04
1.013850000000000000e+05
4.168600000000000000e+05
1.591920000000000000e+05
3.492620000000000000e+05
4.724600000000000000e+04
3.392900000000000000e+05
9.360900000000000000e+04
3.648400000000000000e+05
4.756020000000000000e+05
4.436870000000000000e+05
2.896140000000000000e+05
3.962060000000000000e+05
2.963570000000000000e+05
4.584400000000000000e+04
2.751040000000000000e+05
9.341000000000000000e+03
1.010300000000000000e+05
4.158200000000000000e+04
1.006770000000000000e+05
3.621600000000000000e+05
4.356360000000000000e+05
4.722500000000000000e+05
