2.241840000000000000e+05
1.106970000000000000e+05
4.007630000000000000e+05
2.015520000000000000e+05
6.214400000000000000e+04
3.473790000000000000e+05
7.281700000000000000e+04
9.017700000000000000e+04
9.744800000000000000e+04
1.137790000000000000e+05
2.715850000000000000e+05
4.567380000000000000e+05
3.192100000000000000e+04
3.525980000000000000e+05
4.357930000000000000e+05
4.223090000000000000e+05
7.733200000000000000e+04
2.209330000000000000e+05
4.374760000000000000e+05
1.971230000000000000e+05
1.889160000000000000e+05
4.483430000000000000e+05
2.099970000000000000e+05
1.065770000000000000e+05
4.525030000000000000e+05
1.539210000000000000e+05
1.932780000000000000e+05
4.810370000000000000e+05
1.895910000000000000e+05
1.987690000000000000e+05
3.991950000000000000e+05
4.541500000000000000e+04
4.197420000000000000e+05
4.375940000000000000e+05
4.384760000000000000e+05
4.652760000000000000e+05
1.862000000000000000e+04
3.808980000000000000e+05
4.290870000000000000e+05
1.198270000000000000e+05
2.170930000000000000e+05
2.689610000000000000e+05
2.102040000000000000e+05
2.100850000000000000e+05
2.301000000000000000e+04
4.126630000000000000e+05
2.013600000000000000e+04
3.847350000000000000e+05
2.442850000000000000e+05
4.029630000000000000e+05
6.901700000000000000e+04
4.476470000000000000e+05
3.555960000000000000e+05
2.351270000000000000e+05
1.512500000000000000e+05
1.752210000000000000e+05
4.509680000000000000e+05
1.240620000000000000e+05
1.197520000000000000e+05
2.121910000000000000e+05
8.977100000000000000e+04
3.040640000000000000e+05
1.616120000000000000e+05
2.824530000000000000e+05
3.444430000000000000e+05
2.576440000000000000e+05
4.411960000000000000e+05
2.940070000000000000e+05
3.714550000000000000e+05
8.143000000000000000e+04
1.548330000000000000e+05
1.716170000000000000e+05
4.740590000000000000e+05
1.019460000000000000e+05
5.886700000000000000e+04
1.852200000000000000e+05
4.700880000000000000e+05
3.052000000000000000e+03
1.587990000000000000e+05
1.829800000000000000e+05
4.876060000000000000e+05
1.457030000000000000e+05
3.931600000000000000e+05
4.457660000000000000e+05
2.060000000000000000e+04
2.435990000000000000e+05
7.867100000000000000e+04
1.451720000000000000e+05
2.130930000000000000e+05
8.704600000000000000e+04
2.647000000000000000e+05
5.640100000000000000e+04
4.719170000000000000e+05
3.345430000000000000e+05
1.051360000000000000e+05
3.966540000000000000e+05
4.308600000000000000e+05
2.105540000000000000e+05
1.863800000000000000e+05
3.030960000000000000e+05
